0.42 0.81 0.87
0.42 0.81 0.87
0.42 0.81 0.87
0.42 0.81 0.87
0.39 0.8 0.87
0.39 0.8 0.87
0.39 0.8 0.87
0.39 0.8 0.87
0.39 0.8 0.87
0.44 0.8 0.87
0.44 0.8 0.87
0.44 0.8 0.87
0.44 0.8 0.87
0.44 0.8 0.87
0.4 0.79 0.87
0.4 0.79 0.87
0.4 0.79 0.87
0.4 0.79 0.87
0.4 0.79 0.87
0.45 0.79 0.87
0.45 0.79 0.87
0.45 0.79 0.87
0.45 0.79 0.87
0.45 0.79 0.87
0.58 0.81 0.87
0.58 0.81 0.87
0.58 0.81 0.87
0.58 0.81 0.87
0.58 0.81 0.87
0.61 0.81 0.87
0.61 0.81 0.87
SystemTime { tv_sec: 1727562947, tv_nsec: 197796726 } 0.72 0.56 0.66
SystemTime { tv_sec: 1727562949, tv_nsec: 198095835 } 0.66 0.55 0.66
SystemTime { tv_sec: 1727562951, tv_nsec: 198610795 } 0.66 0.55 0.66
SystemTime { tv_sec: 1727562953, tv_nsec: 198891866 } 0.61 0.54 0.65
2024-09-29T00:37:16.084625654+02:00 1.1 0.71 0.7
2024-09-29T00:37:18.084915667+02:00 1.09 0.71 0.71
2024-09-29T00:37:20.085474095+02:00 1.09 0.71 0.71
